13 8  6    2  7      12  7928        9  3  1        2357  83      4  9    9  2 67
 5 4   7 8    51    983  5 1 8      24     61      3 2 1  786    63    7 9   4 8 
3      78     834 8  2 45   3  8 42 2   6   1 48 1  3   38 5  2 597     18      4
1  62   4   4   2      1 95 1 5 28    4   5    63 8 4 75 2      6   7   2   16  8
54 1  9     5   3   96  2 89  38       967       12  36 8  35   7   1     4  6 71
  4 7 92  6      49 2  1  6   1   5  9 6 3 1  5   9   7  8  6 22      3  16 4 7  
  4 2   9  875 342   4 8   426     8         5     967   3 9   952 764  8   4 7  
87 4 6 3 1         5 9  4    87    5 95   74 2    89    1  3 7         6 8 6 7 52
4  1 6     35 9 647 9 3 2 5  1    8  38   15  7    6  3 4 8 5 659 2 43     3 5  1
3    74  9 82   7   24  9  86     4 2   4   7 5     63  1  23   2   96 4  35    1
   4  15274  2     6    8  8   314 5    9    1 457   3  7    1     5  64425  6   
8   5     9      22    9 41  1 7  58 3 5 4 9 75  9 1  57 4    31      8     3   9
4           38    832   1 6  58   71  37 12  79   65  5 6   327    63           8